$ANSIBLE_VAULT;1.1;AES256
35303964313232323562346166626130383938326530393263656434316465393762363164373764
6636343664333339336365363665363430373762623238370a393837366431663238346632613865
65646161363965393331663338656363393836653566613939363935613666653766663137623161
3666613331316265380a323238343132313734383238386232326237303330383161393134376137
35633766663934383264313933393564356563333333326566613437303163323736396639323961
33346136616165626231646630393034346565646531616334336663383436306635393536656134
65383239643335623435373366333361623930373866363637663731636631353432616463333631
32356263353163383837343530303231303134383335386430323964323638396436346634656638
65663434656463393766613438356164386264316131353133663238666431333663623065643166
36333233663665326137386335613436386365326137363137356530343863363363363362326537
62393464653462633930613333643261346130323031663733393663613266666462653063323266
30636537626637636530666266313936643463343061356164343232623337333063336138353132
32303539363536653939643361353430623965616634636639636639613566613234643161373764
61346361643135366531323065323139326631626436613663336435383261363930386132386661
36346362653630663938616266643438323264656334343966356362333130653661363732623239
36363261323466663635666231646465306537326530396331396664343566616263633466323631
30316137306466636637343963656463393866653638653531666232356136636666396139323461
64343962333062393461376564666664373238613830613664616666666538396637336432353334
30613963653836333563353237323638636566356534323230646566326361653938663863346530
62343862623831333132316237616438346139333961663965653266326633336433396538353636
35343630306434656330633864383261353662643436393232663662343934386331626361613465
61323535303165306537613333663365343830336231323234643166383664626566633834633636
66313861373230396232376262613366373930363966353232333233636363376338653139316362
30636334393139353134383435663838313435666335333439623831373438373761313236316134
34383965373034343437386333366537356461376532663365383762386334333439376366393464
65393366663134303930646234356635626239386262323836666163396536646533396630333265
62613565393034313639303233343839666561653037613265633764633364653964626138346430
36656330626430333462616565303461623464376433343633333737346430613433356663396438
38613065653233666361643465363231363863316636633662623132393866643562616262613830
38636361636235393830653364363631343937373533313265633066363666346461306462666439
34343033623333396433393834336432646166666231316666363631313432636230383130633738
35353438626639323066643130613731663361313263393664623761623462396434313536633632
64323234376534643433363961306331303464326362643364376438396436343237353334376661
61343830343238313430656538353637636666346565663764323862326661336435653335366531
39373637613935643130653766376635623661623733663037373334383864346535363863313366
38636665663138623137303532623863306132633036623430373433623866333031373232623661
34623839616432316135643837366233313564386136333533343831616163383163386338323833
32653735633830636235376162326130353532636331323961613539656663393934323937666332
64336432666561353039633535633964306236663138346333383038636266303638333739343933
38333339633736386338366563363936336263366662653132326165633137633634383434643932
32613839663837323436666635396364313534366663386161303561663939623562623138643733
37303164633565643431623462663261663362646464393037313862626364336264666232316663
36373363623337653131343637643364323264386465333266306364316234366333313765313535
66616339623733323839306430386338303963346432626463656139666562663138313862303464
34323036373233653961343231336262643834633963663931633365383464373933663039386337
33386462313361306530646538343736373537353932623837383662346134313063363939663762
30323232623565613330633639336564616437353234383863343535333835393635346231316366
34613234623838356135316436616361396330303735373366666432346131373137306462333263
34373636623362343766633339366666613063663938653339666435316234653864613364356636
66623466306434326631663333376130626637363033343361393637336163653337346433306538
39323261313266613266333230366230363330663834353336666535623936373838646264343039
64313032373463383734323231666339346662383263336562383166383463626264666265323239
62636665373230373462343235326230373262366330313634663838643930666665373161343935
38613763303465653663343665626365393435366635633139366137383563643366623234626133
30356463663036643933366164333333363132313562366335656235343864333435373361316565
31633936653634373038636634333564636636616565323562353731373933333538333362333832
36373638656462343232646233643436353037336637363832633231306664616233386161323933
30363434633832613764386133646631376264616232623030636132343237663831626136363637
64633533336335373232663835626330393533646239613434363238323262336364393236376533
64326665383937393735343230626365323664633934346539646635383635316332333339396362
32353530633564386135303730653434626163643164623166366536343666346666626361313831
38353138363162313432633865336138656435313333323631663562663364373866656336366365
62666235643337373066643464643063323562376564376430623234316532303137663337643934
36646536643433303139306631303137653663636434313936383837313832383832346466336330
34376139313762336530653836646534616362383332373735313166303330646339636463333535
32666338383266393338383933366230333164663234646336376131373839363834386563636632
33633731346334633362666664383635336330396562643435383735623039356630306461663930
39623037303266323238393163353661383339643733613437316163343663316530303366386635
39336237313165393136636639346431656537643932303963313030666266623266666536306239
32323033343064636662663932386263306565376433333338366132303433346539383061316530
30323561353232346238656534393364643631303336636335323664613133656139646336323334
65666531366134656261613634613533386231343361343263613937353935376564363433663632
32653766303439393235396232666164323662303232326336356562366431653235343939633534
62613563643162656661623932666263343964636663303663356630396331633363356266363861
33363335353362366635356161663037613361353636373463346536643065623566616136613034
36396563636166356566313930626261666637383230316338383131643830333034356161653965
31346333623431346433386162326138323061393836346335333264666332366536396465326235
64656333633161373031613839343663376233353439356166356264316139306235303334306235
62306133666133633364303263653936616337626536363763323437613161356630333663343066
64343739376539363637656430333837393566313438316338343032323463393233623239366661
32306563303034383539336463616261313563616238316532663163623834383030303836643836
37316533396663626634363736386133393339306135373730376636303163343866653962363263
34323064666164386366336439653331376134326632373963663835663438326231323833346635
65363935363234366539353630313337353066306538616338333764383065326134646237343161
39353030636331613338333439373236633231613431313430633662633936323264363936653463
34343661663936303639326665393233336335303432313862373933386335386663633163616166
65663530303365306663653331313739643033343438656463333061623033333639326564366638
66613231386231353565623639666137383262343563303961643237646466343035633336383764
66633739616263313064636266343566353835343561316437336533343237653266623531383063
66656435373333363963393136343161313136373465643264363431356631643831383338326134
62653362633837356336626639623832373863643865613331653364376366643537356337376335
38393435313830373837373534393565376631323466396634383539613036346132343164393136
39313063613535303061393231346132333135336334613666666337336432623361356637663164
62353030613835666331373233323535353931643664396137613232633235383566356235343163
36633538303330363730313237376236363634366633313730353062626135383730343464633566
39383662396337313239623739316232653763323935316538626633313465626435343130353964
61653931306466623163336231353361356234386439616236643765363333623264636462653165
35313833366464356430363732633165396430356566333262623135336533313931353666323865
31353733376463386330353965343864383737626238333561356435306265613634653233383663
62666263363732326565353266653231373134346638376562623666393131393236363831303263
36633662303765646361326364393238383664313864663238383536393064666634303133306663
64383736363662313631303833356530393035613238353134663964616565323766343163336433
32373865383535633766303033396662323166356361383033633362633835623761343436353835
37313263633434353662306439373830613934373066616566393930353534303165303362393536
63643432633531373539643164376534643939383165363964346562326433396338653536316365
37376561663761376363636530333930303839666436343466313063623439386336346363656430
33366266623266336566313164636262656564373038323061353636633038376666373766306464
66623263336535386332383832373730353738376237396563633339333734313565646462383762
39613865343665383131383162326364633338326163633830353631633164383938303463396337
64356634396137323762616365316237333336386533353034643135353030386164653762306665
33663939333237353562303266363431326664653331373338336132643365363161343037646665
30626364333631643839613861326537383765386461643336613661346230663835633864633637
61326663636533666266633632373638386339333439383432626230396266393964363634336663
38326431666462376535663530653263626463383664343834393366313263306531643164323334
32393339356165363539393062613338633139366138363733663937386561346239633834666133
37653064383364386462383733313665383264616162393937323661303130653535386661383263
62396535643433303032363634326566366235366632323835623066663161616363613764396264
33386632633833326465643662383361303832323036376338653762303963386439346263316561
32333030643737616362343035323830643231623666366331666437636239343538306266323337
38626166623136636338626334396136373834306630646166373537313632376630393139313062
31663631653466633337373534346335383464393033333365336236616538633931393036623634
39623463666265343962306463326134613465383232666432306532376363656364363664666663
62323333313866616164366138346137303035356534366131653338333065373739653433386331
63356266653666616566636365343132383038336162663935343839653439663035303662333434
62303432306164316361636135346131613131353633646163343765383931346537346266316266
38366262333361386638363730383062313331343638643762303532616665313232653137646665
39626631346333333331373236383734636562396539383165316664323539306163386463626535
65373530333138383739373930643265383336336137323563646265666535346332313633626665
63346433633731363861333863386532393561646563633739333162393661666236623933623461
39323634393836656336373366643432353863633735393331373062643765313264366439653431
66663065393633343732346533366565343363636539646538613139356235356464633930653033
37333263666363353031306339383734623161646436623066613164666262626433656531336661
39383064346661656362346433613535653730343761303466356532393166363439363536393332
35303961363438623462383562373463383437643633636338323863373831623930613461383836
38663666313937363133663037616133663266383062346133643163646564386566646166343364
37363461616337313338613662633033363338373030336262656265353364386532376564353962
36386230303564646161346534636535316533653464613964373764313964633662636638313064
33363732363261323964313437623534353564363166383533666530303433663362386436663662
38666137306265333765393834656135313866373531623263366533303166353763333234353333
33636166326265626661323837633332636364633738626335323236383030663138303135376433
35373261333264353430626535323935323430313030313061326435393330306235633930373138
3038343566373135393131613362343833613038666633353337
