$ANSIBLE_VAULT;1.1;AES256
36343935666634363565643563316262613865323238613839623439633965663765333335646563
3434393337373938393031623538326265313035363965390a306161653364656137643839383165
38613762666436376464323135333435316262633762613966323231663831636263373762376235
6132353631613863640a653737316437666634366531653965323562623838386632383537613866
33353161666462326133346239646635663863636165303866616639656133353133616366343238
33383064373535646133386338326662383465643963663034626636316133346463353135303031
35393737643432653565383536393161326332346434653666623931393534366662336663323131
30376434363736626565623765336334623263343462326161383561356134636662333239333032
65363836636263383462333561383564376436313565333131373231323339613034366461626364
39303938626234316436336338623338313065323632623061363165636465643234326534353732
32626335356333396537643038346333343838393930366266383431613835326430393364666331
32623461383635383865613531373436303366363463333866333435346331386566643934396331
31666561663464643831333638376133353139653765316364633930653162313130343334363531
31626531653862626564656365353962316334343362363462366238386165653262376163343130
31313366346639373466373632623633613938346663363434393763623031633065323363366663
31326530336335613232623834363865353638373835623464303663373962356361376532303966
30363230303230663431326263633737303962656162663131386164663539636532313966656164
65646133316539633934393761343933313064323930393835386330613932326664616365313339
31313430653331346239626337373338623864316334393636346336336338613366316335363931
61303137326561393339616133343231396137646235356438303035643438646362666236613032
34656266376466343630353136623538383666386138363061656334646565343538653030376162
32393439323531653937393534656266363135366439363166306539306639656435643730656430
31633837653839643764343362336364663133316161396230666137336530326535393430376130
38303064623336363132373136316563313163623137333438343032336461316239653937646433
63646464353632636633316435623766633930656131333362646434393330333563386364633234
34313537663062623930393531393331363264313164343861373832336665386465646561633637
35303534316665316662343230323138323433623337356662383139393133316230643163666637
35346366323635373234613161383061356130656231333134366664373731653032343463643739
30363432646264356165333965363565626432396665633164656432363337316633316132643565
34373130333831633263393438393161646332306664653962386338343932376132313237633030
62383732393965626139356466626330386630363766336130643533373365333562333265313738
32643838646436306134653939353138623335663263663264323239393730333734383062656165
30306130373763653232356233313933363066363366653933623266636231346364323061386161
37373330613537356363623636393562636433633535323530303731373266383066336433336663
37313138343534373237313966656333373664313239353865643439353663643766343636663333
65623639643830656466386637653264643834303930613230313035623634653362323531666230
32353736626162613639316361333761623561363932666231303532663866396666663330373838
39306437393734646535343931336335646362333835613631393364633166353234323335343632
66363938396338616635313965643763373337373437663266366639666435653733363336356232
32373536633130623165393536383538626236636137356130363038386563363534303637396130
34393961323533653832373665393936656663626536346662316433663234643461346131646639
62656461623738363931313134313561333061313734326631343065396636366536326261373332
38643064333038646264633765306533383231346665616563353466316635656166653934303261
66306639353136316665326339663632616266343638643964333132366438373763386561633764
62383737653662343761396434343031636639366437366530643638663662373936336466373437
64326235653831363739303034393362306238333031366466353435623839373130613262393334
66363436666135383638626234326264383730373862633337663362376331643134623135646434
34646361323264623439316563646133363764303139633338646162373166313963366463326566
63303537636337666565306131616266646563393462666137373263366530653533646139346438
38363661626438646364366662393166623531393831383033323661656263626435653463333030
34303161363863373763626132626166316164313834383061396638303832663437633363623463
39343962373639653339336665343863386236376362633364373763396231353534336133343864
37626233613537663135613536333033356433346333366634303663363333633161633863623966
38656361383739363933636135616639613764393665323738623539653363353037623465643033
39363538386662663663373362623366323337636630303239316236643435393863383838383431
32333666363337663234356663336231373731333266383538623839333238643865633037663031
30396332386230363962386334626664616334653537623139383638666532383234646566306265
62343135643237306133636662323837373363663763626362623530643265336565303030643466
32623839326432393736636564653062646239626132323735323139633236656162343531383537
63633966616237393565373238323536646533343139373339666137636632623639653233636138
64316165653138306165313762666335383730336264383466623165626538643132373132636230
39346630656534316266613231626533343431643939343039343636663663636330386433326162
37303235656164326432316563346233323833363965633638386538383336366435323735616234
39653864626630353638373665356135313037633961323663393261366635363730356162613135
61393865633636353633343432383636613864323336323434636630363239363034326131633865
62613136626636323763353163613636656238623631393733666263346635363738666133376639
35303264623366396333366266366630363739646532326439306531656466343033643238636433
31353736343536363964616230303836346563663161303266326431323366336131396432323839
34616438376236353339666534386532656561306632623863326235373464373630626130633663
38346564643830346437363731383363646131376635353238356436373465623865363732393737
35326636666432313039306262616334656132333138623365646562623932636461636164313166
33626266353032633139666462313163396461343235366530333364336334666433393234313465
62326137313134623164303237326465346439306663663965366137366530393936313263306635
37343137303232316336626334313031653035636336356631316531623038653930346330393532
32386336323664393539613530633439356133633039353039393633336339666531336461616339
38373738663665616661613130373239316431303164373739376461333733363535333161336435
63313066333231616634323439643534666339373530636263643861663564393135313364323964
36366533383465356361656235386133616332303064326362313462653635643437663037633636
63356263636638653038333364306265633632623266613763346266366666326533626234376665
30633665336634386132363337326435616663653530666232306333303337316161306565646333
64643663316464636131396562653739353765343736343538633031653730653766353463386461
39623831373464663835346461616261663166353062643534343030666363376234323832303136
37663136303333313965653366656465396635616330383865383532653336336334356334356232
31393337616331383562383563376464376536323338353463353466366531346132616531353734
61623838393232353534363632373065656633376261643234323065383138653135663631303635
64663132613561366334663132626461336261393530393639366562626531353630303665653763
38656437396533313937373534336533376133653435393734363336623832386338623962333135
35363338343432316237383634363062363866333262613530333832383130373164663831656339
35373831323136646664336132303634613134393934383433363137663730373533666263656661
31633064383066656334353038643234353936346432356337643564646135633638363630373661
62643435316166373331633039333239653966616265306561313034393638303837653662633965
64616561633835346362323430363630633531643963396237313266393933623034623439393262
33666338326266646365636165613639666232386264343630346666353764353836303435386433
39363939643461323538663137633366643739386138366138303738646466376665313733383963
64393730623035333932313933333930646138323033333735623263356234313531633035373962
33633661326264646232386363353462623331333462333966316264393230396639316635336566
37656466313637313034383261346439323336653839333763343965623138386533653836336264
66383863343361323864636566643537393532633536613136383332333230613166333935306234
37613532363333643634316633396337323636306134326236373061316438353133363863666537
63363963663738633865383563656261656663636339636465643039303236353066326630623539
36303132383566636538346263616335356566666439343033626266633466623864643762303231
61313765646165616166656534363736646630393035336463613037656231373264313564613762
61623430323464323065386131616330376639356432353639343134633461616435356631333263
36343637333838366232383139383235393938323764626433336635323830643332636238643937
32653963383462363231343662353437353262306261326261623636363430643532656464343635
65343434633931636164656133643462623131383133633931313836346330653763663330386130
62303137623031613061366432326637636635656233633534353061666162396261386237636131
66333361643435356565386232656337306462326438386664666134393566646665346465393765
63376161613031313663653065303638383463636535663466643939393561663066313164613239
35633330356461336337333536623239316135383163656138653161323632313763353031663739
31323034336635363964383562306262656534613631346331653237386333613932333965333536
62613362393031303832633330623566623266356239323964646263363766373966643630383064
61616433623266626366623563653964373337383032373666323433366633386539613165636539
39656634656565653964346637386563656433613733366430363863643161376630373839336237
39663533393733346333313363313632656639643962666533633833666334656530313361336234
61613230666363376536356436393366353565366330643666323864393261623966343031613234
63346239393861346533303561363836323538376534613465303965636366313964323936623336
64663663343630333832646362353331636566653934626161376531336463366266323433343161
63653365356435643835623766643530376262346366373438326263316231643130386163666630
36613662303735313334393861356632373037333737396136376132663333363732666462346137
61393239656432616264643730376539643631373663613038336361323431626365386132616238
38383536636634343666346164343438343835383531646636323933326137653765656563653566
35326633363238646565306133346235396632386339353239376432653532356161323738636664
30333464656163366537376465613138336138366534616239616538303334356663393537636133
35663365343966353331343266313062343462363037666563363539346233633139663464613937
61323362656435356530303834663636373532396565323565643131343736306364353137656234
66636430356664396161636163623531666438663137366438663639383135363664313534363266
36376333643363353831356561346132353465303962326664646430376638363138336164363634
65333763323563623962393334363063653365623037653239306437616565386439633864613661
64306362323265353832626162306638613566366436336237613038376139656135383162623865
61326330653132366363333339363334653433623936346138663662306230333264356534303034
36626336366635663239326431646664346661323536393865323636376630333230653937386463
65323130633634396533633132326361653338633739353339353137643761316264313131653838
63393335616537393932383862333335393661343539346536643465666237393535623435363134
633066643463356631326636643164373134
