$ANSIBLE_VAULT;1.1;AES256
64393432303133643639633533653661336639613935376131393364323562613633333436363834
3333366335306130616635316261353466656338656562390a336237396139353164643133336563
37303865396235323162636361343136396639613036343534336562386265663533303430653161
3861336234353838380a626162636435396335316535366631383766373033643764616662636634
31663839363337663466316637646564373438313533333266306233633966393539346632376235
64653362313138386565366332336261663663333464663065386331353962363463623231666330
34373231383663346332653133336632333161373366633063393930316161396465653431333031
61626462303663623836613366363735653061373132643833313336616166396237626338643965
64613532663339656531346564363962623064356238396231313066356539616165636434336562
32303162643537353239623335363731626637653131353633346335313937326633373432613662
64343234323031333964373931306536653663373565313736623939386163306362303534623238
39613564366337653439316635656133303131316232623966616338613438366530313831336133
35633633306662373961336530316238353464616436363736666339383865626330363264323337
63663032343335373536636135313936356233353430623364663838353533323831643661363230
64383530336130356563663536633837393136626338333865353164393662333332613438613937
37346135623464333635633432386632353564653361636266343235616162303665616564636230
62656131626437356638613037313739323739346635623730386538623563313537363032653763
33643365633361353535323163323065663334373936646466373761353364393562656135653332
65653466653736383838656366626362333938656436613665373361613235633034306463663837
34346233306236386335643138343266623239646435343762363031373263663563646637363162
36313738303635333365656266376430363465613064316666356466386531326430373566643961
66623138613235326330363132623664333430383737323362353234353463663837363632613136
33393934623563346234633837346336653337653233623133373434646132653165363136363130
66646530656262383837373563313462643436623232393966386134663530643862643161646362
33336534636233383030323766646330393030386661316465393036363963356264386464393666
33343963303361396462376432656231373063366262343637373765363965346232333538613366
65666665653530356538383266343531326466373334316136653537646337623339626161623030
36373964343132336130653666363562666664623564303634656137643464663938343938616232
61383262356564313939643663346164306436623865303030306165633261313661346436346130
38633231643839363865383830333536666463366434653765396265373939343633306662373236
62316537366130646632326666643633306339383561323332353664363262373034376434353064
35353130633030643663666662623763633734353732663534643430336631383838306562643132
35306365636232636330393365663639333961643563353136366563663131363636393064383963
65616235653338396263313461623635656361333638316364396534303364393030623133323962
32616138666465356432623931663264616338326337306130633163333433313866356532383266
31363737393864653166646664613635323363383563356132386662343661373038383164353232
32646566666565633136316635396164373636396531373062663833643862346661386135313863
37363832326331346564643462323537336235303662613130393736336662626465396632333133
39623336396436343833643831323333333464666265333766333265316332616533313361343234
31636130376361333538336130646664316466393266336262393034316236313035633231353661
37633238646639333163623431306131386531313237303338313836326663373935633637336435
64393237393065386336363338353838623432373262356232646134343139653239393939363566
65653234303135643433633538353132303033633233383936626566306432643434323865616431
37373535333738666338363639656166313334396562633335623430646565346363663638363836
64323632333465356436616131616332363362313261376339346266346662373162393932356262
64633166393239313264363662336334396361333737663636613438333437636137623462653663
32323366313162353235653134623762646639373731643235313062383734363137313435323865
38323462653164646334313432353162623335356564623930326530393166623532386136393665
35323535346236656332326362343530313062623130393731363737343734643735623631346364
63656137643262636630343137306133316132323131306263393463666433343333316430613738
64356632363336313164626439353663663339393362343933323566336361623535356330643836
34383765633562356639646361346539306264333132343033306131306639653836343434346430
33316431313331353736623133303039323766393538393863326330366535613931383963636562
38383939653263653964303664316263303938313439373837386364316464343535343930373961
31323133613932373130306333376539363439636139366564306234626434343261313932623166
36616461623661663861363939653465316161393230356666306437646262636231626235376133
33663035366438313135313936326130666133343738613637343066623461363434643830356538
66373932353061373733393631376639323739656562373666383237613737303738316432306364
32386233376565316635653337383538633737643864333032386238336638346639353636626538
30323861643031633563353133663339623438643163353433653363363033316331376664333736
36343461653566356631613261366365356334653332616336323834373763623566636537356166
62666234626563333862336532646566643730646330346139323961316336376139633762623435
38646435333332326634636436323461393031316664393538313631656363396634336339346532
35303831366238383333303464366134326438326538363732653132666338393238636431626533
32313731646434333536383032636239316432376166346237313061313337636263326565383139
35383736653431383464346466316639343537303634373365363662623139663131643131323730
65666633636434656561653364313063313232653331353964646161386163346563646566316234
38373936323366353336666139386131393133356331326438323535613839343533656261343731
39623361393762303233393130613036646236616338313634313132363332623062306161336636
30616432393736383465663633663461666237626163353233373666383135343035626639356234
32666665663039323838393139373339376363656465626663346563393438383833613437376237
32386230396431613334663236346139663231656566663662396334373661653735333466633861
37313734666563356637373430393037323334663539643064653431616332616238623833633034
61666132333138376134353232326537336164333634333839633866616264623939373361623833
32636439363464623336626437613633613733316235663861643238636230306336656164373232
32316434346434343065353733636231353334353764356539396634313235323163663337353665
35373266323063326332363131393835316562633265316435346466646536653632663334393632
62633939326130306436353131306234303661323137643930643061613937336335643866613264
63393838663933616237363661626563656533316661346435396464633236633163626635663530
37343135303265323434393734316563376130316233366334623062626235373133333035393932
36313830646161316538323865326264306434626263616234626264393664303436623131646563
34343263663335643532363363353538306262343531313464323763653332356665386339643031
30646136346666643135623736303263613134386537303666306335316237656636366231316262
37656562396561636232383263643337636433383161363131613834396239376137613934623730
39633666623931383665363635666663326339656562386135353730333261616533343931646438
66303437333161366537363535366336666139323538656332666437343464346464646336353731
33643363643861313634326563373530393332623564316633646564663831643039383463643737
35343230616438336561323434303865393063316131653066663063373837376331306533383063
30363836386234303836333230376536653539383066326666366663373439373838363665306566
38653134666466643432306663346438306339346434646137333236393861626332646237313537
61656236363631643362653064376334313236323338323032376162313865353139303162306339
62346539323865653431353637373937636432636633643839643731623538643236376461353539
30653030366538383664393439366665313161616337373633346465313866336438323162303462
30353039373264373663656163613936353031666334323036326133653662323638306634323138
65653562393761356530343431616438356338343231333633383732636233343663646138383763
34303239616263303037376238313934656663633830326364643633626430323933333637336639
64333865653331373530376662623934373639323134393033363134613135636334393964313834
31303432613731306534346535326535323135623930383332306165646432383262333265383333
32613233373332306162393666633861386134643737656362343064396562373137373635646537
31623737643535626231303865316330663732306636323166643034313633313534346130623430
36303331313932333339653262326463393136346436393235663137346264613864666532356437
32653964303938313463366432363333386235623736363264666333643134373664643333653039
39626664656132323432313337303066333166636461386639633138363736393239323231343034
32343032306361373532383065646363393066643737373361623230333533666265343766313666
65666635386538656435313635346161353233373735656364643937616664346437656630653639
61656232623763333339303064663230643036323638623638666464326439646564323234396537
34316631303965303963386663613266303065613733353563313838616263303137666535653136
35633133666562336166303162353131303364643539333839656137646464313631343432623632
63366162666132316262646131383965363364613364643061303530643030386565343634333038
65363131386235333039343961653764393366373266626335303662623533383938343364643334
34386339316363633132326139666461363534313031633431363661316237393535623335366535
63346431656338336537616661306633393631633031373633393134383163313738376230306632
35393131663562643939386266623164656639356531336433356439346335633131323931343837
61373464373863346237653862663563653463613366306633663739306234656561623662663561
66663537303730393733636466363862376661366162643537393662653737376339646334303737
32366465323464353633383133343138383233386633313138306639616439626636373935326635
62613330666634623339336632336336356533353932613830313131373734396330363635313530
66366333616537663334663932356362623539396436316164666533323937383866393965346564
34356530653938666534376662653035356462366165383736376662636166323564343463303738
61643737396464353964653339333830353638633061656437653530623030623339393663656563
37383062666134386564663133323261626666383538363039333963643034613465663563353237
66633863306333616339316461316434386165346530366132663631336335656532656262373836
62623138356364353366303961653231623162306263633138393663393632363261383135366165
63333462313931626638613332636231613434383135326161613936393363346631383933616332
37643332333766623465353861613533303632613236633635383230636561323132383466613066
62366233373463326139643931626166663837653538303465616334326332343237613865633964
61396537326133396335636135343561333232303335323736613761303966383061313230633835
31653733303539653666616534386463326134346636623538343532613462323739643738383436
39663463353166393834386136323835396135623739383261353736323463373439343230376164
66393866633134326438383061333030333132336361613466373134623930333764373538353132
39613562356431313365386239366338333337346334653135353932333533663862393634306237
34633662633639626434383961326561653232303539373331383136626132396563333266316630
35363935616539306666643430303836343437303966616664336436343762356437383638373761
31363663393236663034626633626564363738633539313063643765323930363334326132323032
31363266616364373036393061626339303837346438616239383330616238663263316232326538
62646530313431316630383330643430326535356365373337366261373266386165383862323435
63633161316232653666383265346536323438316465303838643133366663643339623964666130
62323437626635623039653933663337366134333731363038373433366532393632323736383031
65653461636263666433353236373565626265643335383835653137333135626238393738623338
36656438613766373862353432396537656332303264623863663137303537373739323932633538
62333065343131613731353831363235316134323663363134653366623632343963386363373037
33356663666464633762656165353132666566353162663966356437333432636236363466326465
30643133313937303531363233376236326330303338396162383836366534396533376665663566
33323031333663623764633666626465383662633536376634613537313264356630346539633038
66326234366237646164636636623361646364303761663766343337346330376236363163336532
66353039326261353466643133636338333032653762656662356533313335363661336435633334
32643034656266623737326162346431396264653637363939613665333232623530613766396534
34626364393739326137373032616163393239363534333638613035386235653534343664356634
65303164656163386431663635636137636663383134656465623135616433653863363639613837
32373833323835393937306139383930323535353963316462366461656132383764613964616230
33633764663430336337373166303664343034366230346438653831653031326134346166356130
33616634633764616134313562396533633334393436343231646531613338366665313937653530
65363837653833626336656234383938636433373033346235373637663032633431623663353266
61656232373837353031646339323132633762376562626531326333636630306231306335623834
31656638316363636263636566333638626335346239343632313936633739616665363839646132
66316430623564666566353132303662346533323932643934323038626161656634363262356639
64616232383763653134356665343639616633356633333730386663373538633834336538343934
31663564336138396234303865363661303538653965653030623535393965323863373536636330
30613862626165373330643964613061316363356166383366623065393862663465663636376337
30323662323934393132383237303866323634363430613639643231666137313861663935363534
35336164366164346138373366373632373761333631386562303931663531353265363133353565
34383535306433633866613332303831326162366238643131316566336130333166313063336636
33623635313237313930323862393135336563613438613063376434653033353034646236353864
31373866613063343463383766303265316365663861326466313161656662666531376362643663
65303834323461373435346133313764363066343665636665666534623961626137396535303839
63366436643962366230383666643566663933346361386364646561353662376364633461306331
37316462383732323765626435393961303137323732323733396536333633386531313034636634
35333933356539366266303631336538386636626466613736363562353439626638313865313132
64393164326535626430363961386562626138323836323630643336313531343062343762633631
32646339373436363564663533663934333734663130396532643431643031323063656233623166
61343131363639386262653038633031393036343437326436333161373130376133333935663466
62663435303134383033376332323664373236616536336230663563623135663265386635623938
33363766643836353934393039346263636433336633653334656166373130313436
